

result:
('tempo', 'deslocamento', 'velocidade', 'aceleração')
(0.0, 0.0, 0.0, 1.5)
(0.1, 0.0074685344531253625, 0.1489333074757756, 1.4737383850271428)
(0.2, 0.02965019575452844, 0.29377941901432547, 1.4184409484023635)
(0.30000000000000004, 0.06599316825846274, 0.43169950821362957, 1.3354951937576276)
(0.4, 0.11566960050641678, 0.5600205947745526, 1.2268241119629009)
(0.5, 0.1775947987760504, 0.6762869987902991, 1.0948426485993576)
(0.6, 0.25045133237348366, 0.7783069659188366, 0.9424048308575826)
(0.7, 0.3327175228929726, 0.864193585180207, 0.77274269723851)
(0.7999999999999999, 0.42269970782259303, 0.932399243248694, 0.5893983249128543)
(0.8999999999999999, 0.5185675999549548, 0.9817429950448049, 0.39615037384050034)
(0.9999999999999999, 0.6183920093087946, 1.0114303773359299, 0.19693666156726364)


variables:
trabalho: 3
passo: 0.1
tempo_total: 1.0
m: 1.0
c: 0.1
k: 2.0
vector_a: [1.  2.  1.5]
vector_w: [0.05 1.   2.  ]
